100
1
1 108 0 76 0 30 1 12
1
1 49 0 25 1 21 1 117
1
1 97 0 81 0 27 1 14
1
1 113 0 92 0 33 1 9
1
1 88 0 54 1 39 1 16
1
1 86 1 84 1 45 1 9
1
1 118 0 79 1 51 1 6
1
1 75 1 58 1 57 1 12
1
1 90 1 70 1 63 1 8
1
1 68 0 66 0 31 1 22
1
1 74 1 63 1 61 1 10
1
1 95 1 80 1 57 1 7
1
1 52 0 36 1 25 1 64
1
1 68 0 48 1 31 1 30
1
1 100 0 44 1 37 1 18
1
1 43 1 40 1 39 1 45
1
1 72 0 49 1 35 1 24
1
1 104 0 55 1 30 1 18
1
1 60 0 45 1 26 1 43
1
1 97 1 77 1 66 1 6
1
1 109 1 93 1 72 1 4
1
1 89 1 78 1 50 1 9
1
1 84 0 81 0 23 1 19
1
1 113 0 80 0 29 1 11
1
1 75 0 54 1 35 1 21
1
1 86 0 71 1 41 1 12
1
1 118 0 66 1 47 1 8
1
1 62 1 59 1 52 1 16
1
1 91 1 58 1 57 1 10
1
1 64 0 53 1 32 1 28
1
1 70 1 63 1 49 1 14
1
1 95 0 76 1 44 1 9
1
1 40 1 36 1 21 1 100
1
1 68 0 35 1 27 1 47
1
1 100 0 33 1 31 1 29
1
1 41 1 39 1 26 1 72
1
1 98 0 73 1 44 1 10
1
1 104 0 94 1 50 1 6
1
1 89 1 56 1 45 1 13
1
1 85 1 77 1 62 1 7
1
1 109 1 80 1 68 1 5
1
1 76 1 74 1 50 1 11
1
1 82 1 80 1 71 1 6
1
1 114 0 67 0 25 1 16
1
1 63 0 55 1 31 1 28
1
1 86 0 58 1 36 1 17
1
1 118 0 54 1 42 1 11
1
1 59 1 49 1 48 1 22
1
1 91 0 54 1 45 1 14
1
1 60 1 40 1 32 1 39
1
1 66 1 64 1 36 1 20
1
1 96 0 72 0 31 1 14
1
1 78 0 37 1 27 1 39
1
1 99 0 68 0 23 1 19
1
1 100 0 94 0 28 1 11
1
1 90 0 41 1 34 1 24
1
1 85 0 73 1 40 1 12
1
1 105 0 81 1 46 1 8
1
1 76 1 52 1 46 1 16
1
1 78 1 72 1 58 1 9
1
1 109 1 68 1 64 1 6
1
1 70 1 63 1 50 1 14
1
1 82 1 76 1 59 1 8
1
1 114 0 54 0 20 1 24
1
1 55 0 50 1 26 1 42
1
1 87 0 45 1 32 1 24
1
1 119 0 41 1 38 1 16
1
1 60 1 44 1 36 1 32
1
1 91 0 50 1 32 1 21
1
1 56 0 32 1 28 1 60
1
1 99 1 64 1 62 1 8
1
1 96 1 95 1 68 1 5
1
1 90 0 73 1 37 1 12
1
1 86 1 79 1 69 1 6
1
1 101 0 81 0 24 1 15
1
1 77 0 42 1 30 1 31
1
1 73 0 73 0 36 1 16
1
1 105 0 68 1 42 1 10
1
1 64 1 48 1 46 1 21
1
1 78 1 59 1 54 1 12
1
1 110 0 60 1 55 1 8
1
1 65 1 51 1 50 1 18
1
1 83 1 71 1 46 1 11
1
1 114 0 77 1 42 1 8
1
1 55 0 37 1 22 1 67
1
1 87 0 33 1 28 1 37
1
1 119 0 34 1 28 1 26
1
1 100 0 60 1 40 1 12
1
1 95 0 92 0 46 1 7
1
1 91 0 52 1 33 1 19
1
1 86 1 65 1 57 1 9
1
1 96 1 82 1 63 1 6
1
1 78 0 69 1 37 1 15
1
1 75 1 73 1 69 1 8
1
1 101 0 69 0 20 1 22
1
1 64 0 42 1 26 1 43
1
1 74 0 60 1 32 1 21
1
1 106 0 55 1 38 1 14
1
1 51 1 46 1 44 1 29
1
1 78 1 49 1 47 1 17
