100
3
1 108 0 76 0 30 1 4
2 110 0 43 1 25 1 3
3 92 1 81 1 55 1 4
3
1 49 0 25 1 21 1 4
2 60 1 51 1 41 1 5
3 103 1 76 1 64 1 4
3
1 97 0 81 0 27 1 4
2 102 0 78 0 39 1 4
3 113 0 46 1 36 1 4
3
1 113 0 92 0 33 1 7
2 52 1 37 1 28 1 6
3 57 1 33 1 29 1 7
3
1 88 0 54 1 39 1 5
2 94 0 54 1 36 1 4
3 87 0 77 1 43 1 5
3
1 86 1 84 1 45 1 6
2 81 0 45 1 34 1 6
3 70 1 54 1 37 1 4
3
1 118 0 79 1 51 1 4
2 86 0 32 1 31 1 4
3 64 1 58 1 52 1 4
3
1 75 1 58 1 57 1 6
2 57 1 37 1 30 1 7
3 79 0 74 0 35 1 6
3
1 90 1 70 1 63 1 3
2 84 0 78 0 28 1 3
3 94 0 85 0 39 1 4
3
1 68 0 66 0 31 1 4
2 120 0 34 1 26 1 4
3 95 1 76 1 60 1 4
3
1 74 1 63 1 61 1 3
2 71 0 60 0 25 1 4
3 106 1 80 1 59 1 3
3
1 95 1 80 1 57 1 4
2 112 0 87 0 23 1 3
3 116 0 41 1 40 1 4
3
1 52 0 36 1 25 1 11
2 63 0 37 1 21 1 8
3 100 0 61 1 36 1 10
3
1 68 0 48 1 31 1 4
2 104 1 80 1 63 1 4
3 82 0 46 0 21 1 5
3
1 100 0 44 1 37 1 3
2 90 1 78 1 55 1 5
3 65 1 57 1 42 1 4
3
1 43 1 40 1 39 1 5
2 97 0 76 1 40 1 5
3 67 1 63 1 47 1 6
3
1 72 0 49 1 35 1 7
2 75 1 66 1 47 1 8
3 78 0 30 1 22 1 6
3
1 104 0 55 1 30 1 2
2 92 1 89 1 73 1 2
3 88 0 88 0 43 1 3
3
1 60 0 45 1 26 1 4
2 71 1 43 1 39 1 4
3 99 1 71 1 64 1 5
3
1 97 1 77 1 66 1 3
2 81 1 69 1 69 1 3
3 109 0 53 0 24 1 3
3
1 109 1 93 1 72 1 3
2 95 0 67 0 32 1 3
3 119 0 45 1 36 1 3
3
1 89 1 78 1 50 1 3
2 73 1 65 1 46 1 5
3 94 0 66 1 39 1 4
3
1 84 0 81 0 23 1 5
2 115 1 72 1 64 1 3
3 77 0 49 1 25 1 4
3
1 113 0 80 0 29 1 4
2 98 1 65 1 62 1 3
3 60 1 59 1 46 1 4
3
1 75 0 54 1 35 1 5
2 107 0 60 1 49 1 4
3 70 1 67 1 42 1 5
3
1 86 0 71 1 41 1 5
2 75 1 58 1 58 1 4
3 100 0 81 0 27 1 4
3
1 118 0 66 1 47 1 4
2 99 0 56 0 25 1 3
3 91 1 83 1 48 1 3
3
1 62 1 59 1 52 1 3
2 54 1 52 1 50 1 4
3 102 1 69 1 65 1 4
3
1 91 1 58 1 57 1 4
2 92 1 78 1 53 1 3
3 112 0 48 1 28 1 4
3
1 64 0 53 1 32 1 15
2 51 1 42 1 28 1 12
3 49 1 32 1 30 1 13
3
1 70 1 63 1 49 1 4
2 84 1 54 1 49 1 4
3 89 0 70 1 42 1 4
3
1 95 0 76 1 44 1 6
2 81 0 47 1 34 1 6
3 71 0 52 1 30 1 4
3
1 40 1 36 1 21 1 8
2 76 0 45 1 31 1 10
3 63 1 54 1 51 1 10
3
1 68 0 35 1 27 1 5
2 118 0 57 1 43 1 5
3 73 0 72 0 36 1 6
3
1 100 0 33 1 31 1 5
2 84 0 68 1 42 1 6
3 95 0 84 0 31 1 5
3
1 41 1 39 1 26 1 6
2 110 0 40 1 34 1 7
3 94 1 77 1 52 1 4
3
1 98 0 73 1 44 1 2
2 60 1 60 1 38 1 4
3 105 1 73 1 60 1 4
3
1 104 0 94 1 50 1 3
2 102 0 87 0 36 1 2
3 115 0 42 1 33 1 3
3
1 89 1 56 1 45 1 10
2 53 1 37 1 34 1 7
3 54 0 35 1 25 1 8
3
1 85 1 77 1 62 1 3
2 94 0 63 1 32 1 4
3 83 1 75 1 45 1 4
3
1 109 1 80 1 68 1 4
2 90 0 45 1 31 1 4
3 66 1 56 1 34 1 4
3
1 76 1 74 1 50 1 5
2 86 0 40 1 29 1 6
3 66 1 55 1 48 1 6
3
1 82 1 80 1 71 1 4
2 66 0 37 1 27 1 5
3 77 0 76 0 31 1 6
3
1 114 0 67 0 25 1 6
2 92 0 79 0 25 1 4
3 89 0 87 0 36 1 4
3
1 63 0 55 1 31 1 5
2 120 0 43 1 23 1 4
3 97 1 72 1 57 1 5
3
1 86 0 58 1 36 1 4
2 71 0 69 0 22 1 4
3 108 0 78 1 54 1 4
3
1 118 0 54 1 42 1 5
2 112 0 95 0 20 1 4
3 118 0 38 1 37 1 4
3
1 59 1 49 1 48 1 4
2 79 1 63 1 46 1 5
3 95 0 58 1 38 1 6
3
1 91 0 54 1 45 1 3
2 105 1 77 1 72 1 2
3 79 1 78 1 48 1 3
3
1 60 1 40 1 32 1 6
2 98 1 75 1 55 1 4
3 60 1 59 1 39 1 6
3
1 66 1 64 1 36 1 5
2 97 1 73 1 49 1 5
3 69 1 60 1 43 1 3
3
1 96 0 72 0 31 1 6
2 75 1 72 1 47 1 6
3 80 0 25 1 20 1 7
3
1 78 0 37 1 27 1 6
2 89 0 70 0 25 1 5
3 90 0 84 0 41 1 6
3
1 99 0 68 0 23 1 5
2 68 1 52 1 40 1 5
3 101 1 66 1 61 1 4
3
1 100 0 94 0 28 1 4
2 81 1 78 1 66 1 4
3 111 0 49 0 21 1 4
3
1 90 0 41 1 34 1 13
2 64 0 32 1 28 1 13
3 42 1 31 1 31 1 14
3
1 85 0 73 1 40 1 4
2 73 1 62 1 54 1 4
3 90 0 63 1 41 1 4
3
1 105 0 81 1 46 1 4
2 115 1 81 1 61 1 2
3 72 0 51 0 23 1 3
3
1 76 1 52 1 46 1 7
2 66 0 59 1 31 1 5
3 62 1 55 1 44 1 7
3
1 78 1 72 1 58 1 4
2 107 1 57 1 57 1 4
3 72 1 64 1 37 1 3
3
1 109 1 68 1 64 1 3
2 84 1 58 1 55 1 3
3 96 0 83 0 24 1 4
3
1 70 1 63 1 50 1 3
2 100 0 53 1 34 1 4
3 93 0 78 1 45 1 5
3
1 82 1 76 1 59 1 3
2 60 1 51 1 50 1 3
3 104 1 66 1 61 1 3
3
1 114 0 54 0 20 1 4
2 92 1 87 1 50 1 5
3 114 0 43 1 26 1 5
3
1 55 0 50 1 26 1 16
2 48 1 42 1 37 1 17
3 47 1 34 1 26 1 15
3
1 87 0 45 1 32 1 5
2 84 1 63 1 46 1 5
3 84 1 67 1 44 1 5
3
1 119 0 41 1 38 1 6
2 90 0 44 1 35 1 8
3 67 0 55 0 27 1 8
3
1 60 1 44 1 36 1 7
2 76 1 42 1 40 1 8
3 65 1 49 1 48 1 8
3
1 91 0 50 1 32 1 5
2 118 0 66 1 40 1 5
3 75 0 69 0 32 1 4
3
1 56 0 32 1 28 1 5
2 92 0 68 1 39 1 7
3 90 0 86 0 29 1 5
3
1 99 1 64 1 62 1 4
2 110 0 43 1 37 1 3
3 96 1 73 1 50 1 3
3
1 96 1 95 1 68 1 3
2 69 1 61 1 35 1 2
3 107 1 70 1 55 1 2
3
1 90 0 73 1 37 1 4
2 102 0 95 0 33 1 4
3 117 0 38 1 30 1 4
3
1 86 1 79 1 69 1 4
2 53 1 46 1 31 1 5
3 96 0 51 1 37 1 5
3
1 101 0 81 0 24 1 5
2 94 0 72 0 29 1 4
3 79 1 72 1 47 1 4
3
1 77 0 42 1 30 1 9
2 98 0 45 1 28 1 10
3 61 1 58 1 32 1 8
3
1 73 0 73 0 36 1 7
2 87 0 49 1 26 1 7
3 68 1 53 1 44 1 5
3
1 105 0 68 1 42 1 6
2 75 0 37 1 24 1 5
3 79 0 73 0 26 1 6
3
1 64 1 48 1 46 1 8
2 79 0 25 1 22 1 6
3 89 0 85 0 33 1 7
3
1 78 1 59 1 54 1 4
2 120 0 52 0 20 1 6
3 100 1 67 1 54 1 4
3
1 110 0 60 1 55 1 2
2 80 1 78 1 71 1 3
3 110 0 75 1 50 1 2
3
1 65 1 51 1 50 1 5
2 113 0 78 0 28 1 6
3 120 0 35 1 32 1 6
3
1 83 1 71 1 46 1 4
2 76 1 63 1 54 1 5
3 91 0 56 1 40 1 3
3
1 114 0 77 1 42 1 3
2 105 1 81 1 74 1 2
3 76 1 73 1 50 1 2
3
1 55 0 37 1 22 1 12
2 72 0 55 1 31 1 10
3 61 1 56 1 36 1 10
3
1 87 0 33 1 28 1 6
2 97 1 70 1 57 1 4
3 71 1 57 1 38 1 5
3
1 119 0 34 1 28 1 4
2 84 1 69 1 48 1 3
3 97 1 82 1 78 1 3
3
1 100 0 60 1 40 1 4
2 89 0 67 1 34 1 4
3 92 0 80 0 38 1 4
3
1 95 0 92 0 46 1 3
2 65 1 60 1 40 1 3
3 103 1 62 1 59 1 3
3
1 91 0 52 1 33 1 3
2 87 1 81 1 63 1 3
3 113 0 79 1 45 1 3
3
1 86 1 65 1 57 1 7
2 61 1 37 1 32 1 8
3 39 1 33 1 27 1 9
3
1 96 1 82 1 63 1 3
2 74 1 63 1 59 1 3
3 86 0 60 1 43 1 2
3
1 78 0 69 1 37 1 3
2 115 1 90 1 58 1 4
3 68 0 53 0 20 1 4
3
1 75 1 73 1 69 1 5
2 66 1 56 1 40 1 6
3 64 1 51 1 41 1 3
3
1 101 0 69 0 20 1 5
2 108 0 66 1 54 1 4
3 74 0 62 1 33 1 5
3
1 64 0 42 1 26 1 6
2 92 1 58 1 52 1 5
3 92 0 85 0 21 1 7
3
1 74 0 60 1 32 1 5
2 100 0 50 1 43 1 5
3 95 0 74 1 42 1 4
3
1 106 0 55 1 38 1 5
2 69 1 50 1 48 1 4
3 106 1 63 1 57 1 3
3
1 51 1 46 1 44 1 6
2 95 0 92 1 47 1 5
3 116 0 39 1 23 1 4
3
1 78 1 49 1 47 1 7
2 46 1 45 1 43 1 8
3 98 0 44 1 36 1 7
